%YAML:1.0
nmarkers: 16
markersize: 4
tau0: 5
marker_0: "1100001011011101"
marker_1: "1001011010000110"
marker_2: "0010110011001100"
marker_3: "0111110001100010"
marker_4: "1101000100110011"
marker_5: "0110101100100111"
marker_6: "1011100010010010"
marker_7: "1011110101111001"
marker_8: "1000001001101011"
marker_9: "1000100000111000"
marker_10: "1000011101001101"
marker_11: "0011011000010010"
marker_12: "1000001110111110"
marker_13: "1101100011010001"
marker_14: "1001110111010110"
marker_15: "1110011000101001"
