%YAML:1.0
nmarkers: 6
markersize: 4
tau0: 5
marker_0: "1000011101001101"
marker_1: "0011011000010010"
marker_2: "1000001110111110"
marker_3: "1101100011010001"
marker_4: "1001110111010110"
marker_5: "1110011000101001"
