%YAML:1.0
aruco_bc_nmarkers: 6
aruco_bc_mInfoType: 0
aruco_bc_markers:
   - { id:0, corners:[ [ -132., 204., 0. ], [ -12., 204., 0. ], [ -12.,
       84., 0. ], [ -132., 84., 0. ] ] }
   - { id:1, corners:[ [ 12., 204., 0. ], [ 132., 204., 0. ], [ 132.,
       84., 0. ], [ 12., 84., 0. ] ] }
   - { id:2, corners:[ [ -132., 60., 0. ], [ -12., 60., 0. ], [ -12.,
       -60., 0. ], [ -132., -60., 0. ] ] }
   - { id:3, corners:[ [ 12., 60., 0. ], [ 132., 60., 0. ], [ 132., -60.,
       0. ], [ 12., -60., 0. ] ] }
   - { id:4, corners:[ [ -132., -84., 0. ], [ -12., -84., 0. ], [ -12.,
       -204., 0. ], [ -132., -204., 0. ] ] }
   - { id:5, corners:[ [ 12., -84., 0. ], [ 132., -84., 0. ], [ 132.,
       -204., 0. ], [ 12., -204., 0. ] ] }
