%YAML:1.0
aruco_bc_nmarkers: 6
aruco_bc_mInfoType: 0
aruco_bc_markers:
   - { id:0, corners:[ [ -154., 238., 0. ], [ -14., 238., 0. ], [ -14.,
       98., 0. ], [ -154., 98., 0. ] ] }
   - { id:1, corners:[ [ 14., 238., 0. ], [ 154., 238., 0. ], [ 154.,
       98., 0. ], [ 14., 98., 0. ] ] }
   - { id:2, corners:[ [ -154., 70., 0. ], [ -14., 70., 0. ], [ -14.,
       -70., 0. ], [ -154., -70., 0. ] ] }
   - { id:3, corners:[ [ 14., 70., 0. ], [ 154., 70., 0. ], [ 154., -70.,
       0. ], [ 14., -70., 0. ] ] }
   - { id:4, corners:[ [ -154., -98., 0. ], [ -14., -98., 0. ], [ -14.,
       -238., 0. ], [ -154., -238., 0. ] ] }
   - { id:5, corners:[ [ 14., -98., 0. ], [ 154., -98., 0. ], [ 154.,
       -238., 0. ], [ 14., -238., 0. ] ] }
