%YAML:1.0
nmarkers: 16
markersize: 4
tau0: 5
marker_0: "1101000100110011"
marker_1: "0110101100100111"
marker_2: "1011100010010010"
marker_3: "1011110101111001"
marker_4: "1000001001101011"
marker_5: "1000100000111000"
