%YAML:1.0
nmarkers: 16
markersize: 4
tau0: 5
marker_0: "1100001011011101"
marker_1: "1001011010000110"
marker_2: "0010110011001100"
marker_3: "0111110001100010"
