%YAML:1.0
aruco_bc_nmarkers: 4
aruco_bc_mInfoType: 0
aruco_bc_markers:
   - { id:0, corners:[ [ -132., 132., 0. ], [ -12., 132., 0. ], [ -12.,
       12., 0. ], [ -132., 12., 0. ] ] }
   - { id:1, corners:[ [ 12., 132., 0. ], [ 132., 132., 0. ], [ 132.,
       12., 0. ], [ 12., 12., 0. ] ] }
   - { id:2, corners:[ [ -132., -12., 0. ], [ -12., -12., 0. ], [ -12.,
       -132., 0. ], [ -132., -132., 0. ] ] }
   - { id:3, corners:[ [ 12., -12., 0. ], [ 132., -12., 0. ], [ 132.,
       -132., 0. ], [ 12., -132., 0. ] ] }
