%YAML:1.0
nmarkers: 6
markersize: 5
tau0: 11
marker_0: "0111110010110101001010000"
marker_1: "1001011001011011011010100"
marker_2: "1011001011100101110110010"
marker_3: "1010010100011001100111000"
marker_4: "0001011010011011100100011"
marker_5: "0110111000110010110100101"
